#;1;4;17;24;28;46;49;94;153;156;172;173;199;200;204;207;208;209;225;247;252;296;321;322;340;358;360;362;383;384;428;458;498;551;610;617
00.02;548
01.00;585
02.20;191
04.01;252
061;314;315
12;437
12.00;359;495
12.01;7;313
12.05;372
20.00;367
20.01;99
20.04;343
24;551
32.00;200
33;213;339
3d;587
41.00;492;497
42.00;28
51.00;447
52.00;197;244
52.05;342
55.00;245
56.00;192
5f;443
6;98;443
62.12;341
62.20;590
63.05;195;260
71.01;255
75.12;199;542
78.01;266
ACVC;159;161
ALGC;8;37;65;66;101;107;108;110;111;112;114;115;116;117;118;120;121;122;124;127;130;131;134;139;171;283;284;353;470;481;482;483;484;485;486;487;488;489;490;494;550;558;561;573;600
ANRC;143;153;210;306;309;530;531;532
CARC;279;280;281;285;286;289;300;301;302;307;308;309;392;407;408;429;430;431;451;468;472;504;530;531;532;534;536;537;538;539;545;546;557;560;570;616;626;632;638
CGDC;248;278;411;413;500;621
CIA;123;198;326
COFC;320;463;516
DERC;21;318;319;404;513;549;567;620;629
DIGC;106;209;225;247;266;267;277;296;305;321;347;348;363;435;440;442;444;448;467;473;499;551;555;564;636
ENDC;96;149;177;436;445;459;475;518
ETMC;465;622
GINC;3;298;317;320;395;423;583
HAD;22
HELM;156;169;204
HEMC;28;144;328;333;382;457;601
HEMH;5;457
HOSP;1;4;5;30;123;137;138;146;170;172;173;174;185;190;191;192;193;194;197;205;206;207;208;211;212;219;223;224;225;226;227;228;229;230;243;244;246;265;295;303;304;309;311;312;323;324;325;326;337;341;342;343;344;345;357;364;376;377;378;379;380;381;409;410;424;425;427;449;452;453;456;462;480;491;492;501;503;510;529;530;531;532;536;537;538;539;541;542;548;553;554;559;560;561;563;569;570;572;575;580;581;583;584;585;586;590;593;596;604;605;606;607;611;612
MIRC;530;531;532;589;623
NEFC;100;102;511;603
NEOP;173
NMLC;65;97;98;141;145;201;202;203;261;262;263;264;355;374;375;400;420;434;470;478;566;624
NRLC;55;56;57;58;59;60;61;62;63;64;103;104;105;167;168;175;249;250;332;383;421;474;512;520;544;591
OBSC;174;295;297;298;299;317;422;423;502;508;575;576;577;584
OFTC;32;33;34;35;36;93;94;99;158;160;165;166;187;218;256;257;258;288;292;293;354;366;368;412;418;419;450;454;458;519;521;523;533;587;592;594;599;628;630;633
ORLC;142;148;150;180;181;216;217;330;338;339;405;414;415;416;420;438;446;447;460;461;469;515;526;527;528;547;556;565;571;597;618;627
PEDC;40;45;47;50;52;53;109;113;119;125;126;128;129;132;133;135;136;140;173;183;184;309;310;329;349;530;531;532;540;637
PSQC;39;46;48;49;54;55;67;68;72;79;90;91;92;146;167;168;182;352;377;378;424;425;439;516;524;591;608;609;631
PSQH;48;49;72;79;146
REHC;15;157;188;189;332;350;351;514
REUC;27;162;163;164
TRAC;196;332;371;441
Todos;2;9;10;17;19;20;23;24;25;26;29;31;176;178;179;186;195;199;200;213;215;220;221;222;245;251;252;253;254;255;259;260;268;269;270;271;272;273;274;275;276;290;291;294;316;322;327;331;334;335;336;340;346;356;358;367;369;370;391;393;394;396;397;401;402;403;406;417;426;428;437;443;466;476;497;498;505;506;507;509;517;522;525;543;552;562;568;574;578;579;598;610;619;625;634
UDOC;18;154;432
URG;6;7;185;205;230;287;295;309;311;312;313;314;315;337;341;359;360;361;362;364;372;452;456;462;491;493;495;496;510;529;530;531;532;535;536;537;538;539;548;560;569;570;572;581;582;586;588;595;607;613;614
UROC;11;12;13;14;16;95;214;282;365;433;455;477;479;602;617
USMA;39;43;44;46;48;49;51;54;55;63;64;67;68;72;79;90;91;92;146;167;168;182;352;377;378;387;388;398;399;424;425;439;474;516;524;591;608;609;615;631
USMI;38;40;41;42;43;45;46;47;49;50;51;52;53;69;70;71;73;74;75;76;77;78;80;81;82;83;84;85;86;87;88;89;147;151;152;155;167;231;232;233;234;235;236;237;238;239;240;241;242;352;373;385;386;387;388;389;390;635
UTBC;384;464;471
a3;38;65;504
a4;1;2;3;4;5;6;7;8;9;10;11;12;13;14;16;17;18;19;20;22;23;24;25;26;27;28;29;30;31;32;33;34;35;36;37;39;40;41;42;43;44;45;46;47;48;49;50;51;52;53;54;55;56;57;58;59;60;61;62;63;64;66;67;68;69;70;71;72;73;74;75;76;77;78;79;80;81;82;83;84;85;86;87;88;89;90;91;92;93;95;96;97;98;99;100;101;102;103;104;106;107;108;109;110;111;112;113;114;115;116;117;118;119;120;121;122;123;124;125;126;127;128;129;130;131;132;133;134;135;136;137;138;139;140;141;142;143;144;145;146;147;148;149;150;151;152;153;154;155;156;157;158;160;162;163;164;165;166;167;168;169;170;171;173;174;175;176;178;179;180;181;182;183;184;185;186;187;188;189;190;191;192;193;194;195;196;197;198;199;200;201;202;203;204;205;207;208;209;210;211;212;213;214;215;216;217;219;220;221;222;223;224;225;226;227;228;229;230;231;232;233;234;235;236;237;238;239;240;241;242;243;244;245;246;247;248;249;250;251;252;253;254;256;258;259;260;261;262;263;264;265;266;267;268;269;270;271;272;273;274;275;276;277;278;279;280;281;282;283;284;285;286;287;288;289;290;291;292;293;294;296;297;298;299;300;301;302;303;304;305;306;307;308;309;310;311;312;313;314;315;316;317;318;319;320;321;322;323;324;325;326;327;328;329;330;331;332;333;334;335;336;337;338;340;341;342;343;344;345;346;347;348;349;350;351;352;353;354;355;356;357;358;359;360;361;362;363;364;366;367;368;369;370;371;372;373;374;375;376;377;378;379;380;381;382;383;385;386;387;388;389;390;391;392;393;394;395;396;397;398;399;400;401;402;403;404;405;406;409;410;411;412;413;414;415;416;417;418;419;420;421;422;423;424;425;426;427;428;429;431;432;433;434;435;436;437;438;439;440;441;442;443;444;445;446;447;448;449;450;451;452;453;454;455;456;457;458;459;460;461;462;463;464;465;466;467;468;469;470;471;472;473;474;475;476;477;478;479;480;481;482;483;484;485;486;487;488;489;490;491;492;493;494;495;496;497;498;499;500;501;502;503;505;506;507;508;509;510;511;512;513;514;515;516;517;518;519;520;521;522;523;524;525;526;527;528;529;530;531;532;533;534;535;540;541;542;543;544;546;547;548;549;550;551;552;553;554;555;556;558;559;561;562;563;564;565;566;568;569;572;573;574;575;576;577;578;579;580;581;582;583;584;585;586;587;588;589;590;591;592;593;594;595;596;598;599;600;601;602;603;604;605;606;607;608;609;610;611;612;613;614;615;616;617;618;619;620;621;622;623;624;625;626;627;628;629;630;631;632;633;634;635;636;637;638
a5;15;21;94;105;159;161;172;177;206;218;255;257;295;339;365;384;407;408;430;536;537;538;539;545;557;560;567;570;571;597
abajo;381
abdominal;466
abierta;411
aborto;395
abreviada;88
abreviado;598
abreviado ;148
abrir;441
acceso;228
accidente;498
aceve;39
acordo terapéutico;457
act;494;494
actual;242;369
acumetrico;414
addenbrooke;39
adecuación peritoneal;511
administracion;358
ados;69
adrenalina;26
agricultura;127
aines;134;283
alcon;35
alergeno;481
alergenos;128
alergia;115;284;349
alergologia;125;540;561
alergoloxia;37
alerxias;593
alimentacion;604;605;606
alimentos;107;116;445
als;175
alsfrs;175
alta;171;335;370;398;452;501;512;553;569
alteracion;103
alumno;236
alzheimer;103
amarillo;2;21;88;99;150;183;219;343;367;417
ambas;10;185;195;200;205;221;229;230;252;260;287;309;310;311;312;314;315;334;337;341;346;356;360;361;364;449;452;456;462;491;492;497;501;509;529;530;531;532;535;536;537;538;539;542;543;548;560;569;581
ambulatoria;123;190;191;223
ambulatroy;623
amniocentesis;577
amoxicilina;329
amplificcion;539
analgesia;342
analisis;34;106;187;222;299;336;394;397
analyzer;630
anamnese;153;153;633
anamnese (cuestionario);74;75;83;88;95;96;100;141;142;143;144;145;147;148;149;151;152;164;180;181;241;333;441;494;566
anamnese (escala);85;146;155
anamnese (mapa dermatomas);154
anamnese (protocolo vértigo);150;338
anamnesis;418
anatomia;298;396;423;426
andimed;269
anduriña;399
anestesia;197;244;278;556
anestesicos;118
anexo;149
anexo 1;17
anexo 5;184
anexo v;2
angioplastia;228
ano-rectal;442
anotacion;43;45;50;87;89
antes;26
antipsicoticos;524
anulacion;245
anulación intervención;245
anx;72
anxiografía;159;161
análises clínicas;172;243
análises clínicas centro externo;222;273;336;578
análisis;34
aplv;137;138
apneas;515
ar-610;218
aritmetica;44
arterial;172
asesoramiento;513
asistencia;314
asociacion;250
asociados;595
aspirado;601
asthma;494
atencion;47;287
atendido;463
attention;631
atumatic;571
audiogram;526;527
audiologia;446
audiometria;414
audiometría;216;414;446;526;527
autoevaluativo;77
autorizacion;415;417;460
autorizo;503;619
autorretrato;378
autorrexistro;436;445;627
autoset;203;355
avances;52
avanza;106
axcer;102
axial;533
az;93
azul;38;41;50;57;157;188;195;196;197;206;216;232;240;242;244;252;253;260;287;315;341;346;351;453;456;462;585;590;625
ballesol;510
banco;458;611
barcelona;49;67
barthel;157
basdai;162;163
basica;430;431
bateria;8;107;116;127;131;134;407;482;484;486;487;488;489
bateria urticaria;8
baxter;511
baño;629
bcg;14
bcm;603
bebidas;445
benton;608
betalactamicos;117
betula;37
bevacizumab;292
bigotito;96
biofeedback;448
biologia;382
biometría óptica;35;366;450
biopsia;426;601;620
biotronik;557
biquimica;299
birchwood;146
bishop;174
bit;42
blood;623
board;20
body;603
borg;434
bote;441
breve;71
brief;631
brilat;471
broncoscopia;478
broncoscopias;262
brunet;53;76
busqueda;73
c60;504
cabeza-cuello;170
cad;298
cadeas;617
caja;17
calamar;135
caldas;189
caldas de reis;189
calendario;627
cama;593
camcog;60
campimetría;32;34;36;187;454
campo;34;161;187;454
campo unico;34
capacidade;256
capsula;225
capsuloendoscopia;555
caracteristicas;231
cardiologia;285;289;325;596
cardiologica;280
cardiosmart;311
cardiotocografía;295
cariotipo;271
cariotipo centro externo;271
carl;628
carnes;107;136
cateteres;228
cateterismo;443;468
cavidad;100
cd117;204
cd19;204
cd56;204
centro;234;464;491;592
centros;402
cerba;578
cervical;291
cesarea;344;576
cfaan;20
change;293
chart;173
chat;147
checklist cirúrxico;193
chop;493
cierre;591
cinco;87
circometria;350
circometría;350
circulo;167;237
circulos;48;237
cirugia;123;190;223;411;413
cirurxia;621
cirurxica;447
citologia;269;275;423
citologico;276;396;403
citometría;169;204
citostaticos;28
citostáticos;28
civil;361;456
cl-200;257
clave;90
clinica;99;154;178;232;249;275;289;354;367;398;517
clinico;186
clinicos;222;299;336;394;397
cloro;637
close;165;166
cognitive;39;609
cognoscitivo;54;63;474
coherencia;419
coiados;4
coidados;7;313;453
colas;482
colonoscopia;347
color;412;594
columna;291
comida;157;445
como;516
company;263
comparacion;302
compartir ;151
compasivo;524
compass;202
completo;454
complexo;391
composition;603
compostela;275;391
comprension;79
comunicacion;322
comunicactivo;147
concentraciones;124
condesa;316
confidencial;239
conners;85
conocimientos;100
conselleria;386
consenso;270
consentimento;522
consentimento informado;66;196;210;214;215;217;248;253;254;255;267;270;278;292;294;306;307;318;319;320;395;406;411;413;415;422;433;435;455;460;463;465;478;500;502;508;513;522;525;549;552;556;567;576;577;601;602;618;620;621;622
consentimiento;66;196;210;215;217;248;267;294;318;395;411;413;435;455;465;478;500;502;508;525;576;577;602;618;620;621;622
conservadora;413
consinte;552
consulta;231;346
contencion;376
contencioso;424
contenido;72
conteste;516
continuidade;4;453
continuous;166
contrastes;130;353
control;141;156;494;566;596
cor;175
cordectomia;415
cordon;611
cornea;630
corneas;458
corporal;177
corte;512
corticoides;124
cpap;141;566
cpr;40
cpre;247;296;480
creatinine;102
crecimiento;518
cribado;272
cribado prenatal;299;575
cribado prenatal centro externo;272;274
criterios;80
criticos;553
ct;268
cuadernillo;43;50;89
cuaderno;45
cuadrado;237
cuadrados;48;237
cuadro;8;76;321;325;436;445
cuadrícula;3;4;10;12;16;18;21;22;24;26;29;30;35;37;42;43;44;45;50;51;56;57;67;68;94;95;98;101;107;108;109;110;111;112;113;114;115;116;117;118;119;120;124;125;126;127;128;129;130;131;132;133;134;135;136;137;140;146;162;164;165;178;179;182;188;226;229;246;296;334;341;356;366;376;379;481;540;554;559;596;600
cuantificacion;637
cuatro años;71
cube;293
cuento;83
cuerpo;154
cuestionario;50;74;143;145;147;400;459;515;516
cuiados;190
cuidados;296;321;409;437;443
cumanes;41;50
cumanin;81;84
cumprimente;320;463
current;511
curso;186
curso clinico;186
curva;284;349;545
curva crecemento;518
curves;102
cutanea;620
cutaneas;111;112;117;118;121;122;124;126;130;132;283;600
cutaneos;573
cynodon;37
cystistat;12;16
d1;143
data;526
datos;252;261;322;369
debut;559
deficit;80
definicion;96
definition;288
defuncion;585
dementia;439
demostracion;38
demostración;38
densitometria;220
densitometría centro externo;220
departamento;40;92;389;390
depot;29
derecha;104
derecho;216;450
derivacion;40;340
derivaciones;538
dermatologia;404;629
dermatologo;567
desarrollo;147
desayuno;25
desensibilizacion;183;184;561
desensibilización;183;184;561
despistaje;142
destinatario;94
deteccion;454
deza;275
dia;402
diabetico;559
diagnostic;469
diagnostica;462
diagnostico;21;114;150;207;468;554;557;593
diagnóstico;21
dialisis;100
diaria;341
dibujo;38;47;48;70;78;83;86;104;105;154;167;198;237;378;404;410;591;609;629
dieta;593
digestivo;209
digitos;51;87
diligencias;425
diluciones;156
diodo;460
dioptrias;533
disfagia;142;181
dispensacion;610
diurna;515
dixestivo;266
dob;519;521
doctor;276
documentación;1;2;3;4;5;8;9;11;12;13;14;15;16;17;18;19;20;21;22;23;25;26;27;28;29;30;31;32;33;34;35;36;37;38;39;40;41;42;43;44;45;46;47;48;49;50;51;52;53;54;55;56;57;58;59;60;61;62;63;64;65;66;67;68;69;70;71;72;73;74;75;76;77;78;79;80;81;82;83;84;85;86;87;88;89;90;91;92;93;94;95;96;97;98;99;100;101;102;103;104;105;106;107;108;109;110;111;112;113;114;115;116;117;118;119;120;121;122;123;124;125;126;127;128;129;130;131;132;133;134;135;136;137;138;139;140;141;142;143;144;145;146;147;148;149;150;151;152;153;154;155;156;157;158;159;160;161;162;163;164;165;166;167;168;169;170;171;172;173;174;175;176;177;178;179;180;181;182;183;184;186;187;188;189;190;191;192;193;194;196;197;198;199;201;202;203;204;206;207;208;209;210;211;212;213;214;215;216;217;218;219;220;222;223;224;225;226;227;228;231;232;233;234;235;236;237;238;239;240;241;242;243;244;245;246;247;248;249;250;251;253;254;255;256;257;258;259;261;262;263;264;265;266;267;268;269;270;271;272;273;274;275;276;277;278;279;280;281;282;283;284;285;286;288;289;290;291;292;293;294;295;296;297;298;299;300;301;302;303;304;305;306;307;308;316;317;318;319;320;321;322;323;324;325;326;327;328;329;330;331;332;333;335;336;338;339;340;342;343;344;345;347;348;349;350;351;352;353;354;355;357;358;363;365;366;367;368;369;370;371;373;374;375;376;377;378;379;380;381;382;383;384;385;386;387;388;389;390;391;392;393;394;395;396;397;398;399;400;401;402;403;404;405;406;407;408;409;410;411;412;413;414;415;416;417;418;419;420;421;422;423;424;425;426;427;428;429;430;431;432;433;434;435;436;437;438;439;440;441;442;443;444;445;446;447;448;450;451;453;454;455;457;458;459;460;461;463;464;465;466;467;468;469;470;471;472;473;474;475;476;477;478;479;480;481;482;483;484;485;486;487;488;489;490;494;496;498;499;500;502;503;504;505;506;507;508;511;512;513;514;515;516;517;518;519;520;521;522;523;524;525;526;527;528;533;534;540;541;544;545;546;547;549;550;551;552;553;554;555;556;557;558;559;561;562;563;564;565;566;567;568;570;571;572;573;574;575;576;577;578;579;580;583;584;585;586;587;589;590;591;592;593;594;596;597;598;599;600;601;602;603;604;605;606;607;608;609;610;611;612;615;616;617;618;619;620;621;622;623;624;625;626;627;628;629;630;631;632;633;634;635;636;637;638
documento;415
documento alta voluntaria;452;501
documento centro externo;373;399;520
documento non clasificado;582;595
documentos legais;352;377;424;425;598
dolor;154
domiciliaria;265;588
domicilio;22
dominguez;268;273;291;335;374;375;416;466
dorsal;290
dosis;135
down;520
dp;528
dp-gram;528
dtsq;459
duodenoscopia;267
durante;152
dxa;220
eartip;469
eat;142;181
eb10;458
ecg;309;310;311;493;530;531;532;535;536;537;538;539;543;560;570
echevarne;274;423
eco-stress;281;300;301;302;308;534;616;626
ecocardiograma;616
ecografia;297;317;371;466
ecografico;270
ecografía;297;368;628
ecografía centro externo;289;371;466
educacion;1
eeg;512
effecta;557
eje;94;366
ela;545
elaboracion;83
elaview;545
electrodos;18
emav;38;47
embarazo;270;457
embla;202
emerxencias;361
emg;332;332
emisións otoacústicas;528
empleados;600
endoscopia;266;277;347
endoscopia dixestiva alta;266;277
endoscopia dixestiva baixa;347
endoscopias;209
endoscopica;225
endoscopico;247;480
endovesical;11;13;14
enfermeria;192;195;209;219;224;226;260;262;280;321;325;541;614
enfermo;625
enteroscopia;555
entiendo;567
entrar;464
enviada;5;304
epicutaneas;481;484;487;488;489
epidural;342
episodios;595
epworth;97;400
equis;38
ergometria;279;307
ergometría;279
erivedge;513
escala;47;57;71;89;97;421;421;434
escala ela;175
escala epworth;97;400
escala riesgo glaucoma;165;166
escala valoración funcional;162;163
escalas;81;85;155
esclerose;383
escolar;238;385;386
escolaridad;67
escritura;241
esferico;94
esfuerzo;279;281;301;307;308;626
esofagica;440
española;164
especiais;219
especiales;106;280
especialidades;46
especifica;299
espera;2
espiral;104;105
espirometria;264
espirometría;65;261;264;284;349;464;470
esploracion;178
espontaneo;395
esquema;53
estadisticas;203
estado;407;408;544
estado cognitivo;59
estado mental;58;62
estandar;119
estatura;634
estomatologia;465
estres;616
estudio;392;485;507
estudios;232
estudo citoxenético centro externo;176;392;393;394;507
estudo hta-ampa mapa;259;589;623
estudo sono;202;263
estudo sono (autoset);203
estudo sono (enquisa);355
estudo sono centro externo;374;375;420
european;20
eutocito;344
evaluacion;85;96;155;547;624
eventracion;411
evoked;405
evolucion;195;260;369;625
evolutivo;99;186;231;232;240;242;367;369;387;418;517;562;574;615;617;625;633
evolutivo enfermaría;195;260
examen;62;63
examen cognitivo;60
examination;39;59
exeresis;318;622
exploracion;49;232;252;253;255;418
f2;528
factors;165;166
familiar;75;152
farmacia;22;610
farmaco;140;483
farmacologico;246;334
farmacos;600
fastpath;429;632
fc;310;537;638
felicidad;151
fellow;20
fetal;173
ficha;22
ficha rhb;188;514
figura;154
figuras;38;43
filiacion;231
filtro;539
fingolimod;179
firmante;381
fiscalia;352
fisica;188;514
fisioterapia;15;46
fisium;15
flow;65
fluidez;69
flujo;282;284;349;365;477
flujometrico;479
flujometría;282;365;477;479
folla;2;200;209;219;230;262;351;359;462;495;553
folla 061;314;315;361;456
folla autorización;417;503;619
folla de traslado;230;337;462;548;553
folla enfermaría circulante;192;357;568
folla inclusión le;213;251
folstein;57
form;631
formulario;376;406;457
forzada;264
foto;106;158;159;160;277;288;329;368;555;594;628
fotoalergenos;487
fotograficas;417
fotos;91
fototest;91;404;629
fototipo;404
fqw;295
frases;74
frecuencia;512
frecuencias;430;431
frequency;528
frio;114
frontal;168
frotis;403
frs;72
frutas;107;133
frutos;129
fumador;634
funcion;430;431
funcionais;440;444;448
fundacion;315
fvc;464
galicia;382;471
ganglionar;248
gastroscopia;277
gds;439
gelme;316
gems;309
gender;519
generador;161
general;93
genetica;577
genetico;272;392;507
genetics;507
gestacion;583;584
gilenya;179
ginecologia;344
global;149
gota;135
graduacion;93
grafica;341;590
graficas;261
gram;528
grasa;177
graves;567
graxa corporal;177
grove;389
growth;173
gráfico;32;33;34;36;65;72;82;84;89;102;143;156;169;171;173;175;187;204;209;213;258;261;264;282;284;309;310;311;330;339;365;402;405;444;454;458;464;477;479;504;512;518;519;521;523;528;530;531;533;537;571;603;617;623;630
gs;445
gsi;213;339
habilidad;441
habitual;37
hado;22
handicap;148
haq;164
health;164
hearlscreen;536
hellige;311;560
hematies;5;304
hematologia;273;601
hemoderivado;529
hemoderivados;610
hemodialisis;590
hemodinamica;224;541
hemodinamico;212
hemodinámica-outros procesos diag. e terapéuticos;212;468;472
hemoterapia;601
heparina;110
heparinas;110
hermal;482;486
high;288
himenopteros;111
hiperactividad;80
hipersensibilidad;483;485
hipotese;230;462
hirsutismo;96
historia;75;99;152;240;343;367;369;417;517;633
historia obstétrica;343;345
historietas;79
hiv;503
hoja;1;87;146;174;178;182;247;290;292;296;321;346;379;480;625
holter;285;286
holter ecg;285;286
hongos;112
hora;326
horas;551
horizontal;3;15;21;26;30;38;70;82;85;86;105;155;159;161;206;255;295;300;302;310;311;312;330;341;342;407;409;445;446;458;459;493;504;512;519;523;530;531;534;535;536;537;538;539;543;560;567;570;587;626;638
hortega;420
hospital;158;160;581;594
huevo;113;116;183
humano;154;410;629
humira;27
identity;429
idiopatico;350
ies;92
ige;138
iliaca;159
imagenes;417
images;288
imc;634
impedanciometría;603
incapacidades;352
incidente;498
inclan;401
incompletas;74
incorporacion;417
index;148
indication;368
indice;157
indice barthel;157
indice de bishop;174
individual;82
induccion;3;174;508
inducción;3
ineco;168
infancia;53;76
infant;173
infliximab;30
informacion;51;259;292;415;460
informado;210;248;465;500
information;603
informe;4;40;52;92;169;212;220;224;235;236;238;239;256;281;286;287;298;331;335;346;354;362;370;385;386;387;388;394;397;402;428;444;453;468;472;479;491;506;510;524;534;541;555;569;583;635
informe alta;287;359;495;569;613
informe alta hos centro externo;335;370;398
informe dispositivo implantado;407;408;429;430;431;504;545;557;632
informe enfermaría;4;303;453
informe enfermaría hemodinámica;224;541
informe fisioterapia centro externo;15;189
informe inxertos;428
informe logopedia centro externo;46;250;387
informe mesa basculante;546;638
informe médico;391;583;588
informe médico centro externo;316;331;354;491;506;510;592
informe neonato;344
informe psicoloxía centro externo;388;402
informe psicopedagoxía centro externo;40;52;92;233;235;236;238;239;385;386;389;390;635
informe xeral anatomía patolóxica;396;426
informe xeral anatomía patolóxica centro externo;269;275;276;298;317;403;423
infusion;606
ingestas;379
ingreso;206;380;381
inicial;504
inicio;612
injertos;428
inmediata;103
instancia;377
instilaciones;11;13
instituto;9;316
instrucciones;249
instrucion;425
integrado;49
inteligencia;42
intensivos;409
interconsulta;200;200;205;221;221;256;256;334;346;364;476;509;509;579;581;581;607
interconsulta centro externo;205;364;607
interpretacion;309;535
interrogacion;407;504
interrupcion;583;584
intervalos;430;431
intervencion;1;245;265;447
intervenciones;556
intervencionismo;472
intervencionista;325;541
intervención;198;447
intravesical;12
iodados;130
ioduros;226
iontoforesis;18
ipss;95
izq;104
izquierdo;450
judicial;424
jueves;171
juicio;425
juzgado;377
juzgados;352
kappa;617
kaufman;42
kbit;42
kohden;295
konan;458
kss;458
lab;106
labios;101
laboral;498
laboratorio;169;222
laboratorios;276
laboratory;176;271;507
lama;205;607
laparoscopica;214;433
laringea;618
laser;415;460
latex;115
lavado;26;157
leche;113;116
lectura;241;404
legal;583;584
legumbres;116
leiro;317
lente;35
letras;68
leuc;204
leucodeplecion;5;304
lezine;53;76
lidocaina;118
line;288
liquidos;596
llegada;326
lobo;474
local;278;556
locales;118
logopedia;46
longitud;366
luaces;276
ludoteca;373
lumbar;268
m-chat;147
macula;258;587
macular;258;293
maculopatia;594
madurez;50
magallanes;47
magnetica;406
malformaciones;567
mama;413;500
manifesto;320;463
manometria;435
manometría anorrectal;442;448
manometría esofáxica;440;564
mantoux;384
marcapaso;407
marcapasos;408
marcha;98;421
maria;331
marina;9
marquette;311
marrón;28;229;492;497
martes;171
martitor;127
masa;177
master;526
masticar;101
matrices;44
mayor;123;190;223
measurement;623
mec;62;544
mecanica;376
mediada;137;138
medianas;302
medica;75;152
medicacion;22;30;249;614
medicaciones;409
medical;545
medicamento;25;121
medicamentos;122;126;132;140;483;558
medicas;7;211;229;313;324;492;497;572
medicina;188;393;514;522
mediciones;26
medico;316;331;506
medico prescritor;17
medina;289
medtronic;282;477
mejorado;516
memoria;103
mental;56;544
meridianos;533
meropenem;561
metales;488
metilprednisolona;612
metria;551
microcirugia;618
miguel;273;291
mini;55;56;63;474
mini examen;55
mini-exame;474
mini-mental;54;55;57;59;61;64
miniexamen;58
minutos;98;638
mmpi;182
mmse;54;56;58;62;64;544
moca;609
modelo;407
modificacion;2
modificación inclusión le;2;327
modo;161
modulo;69
molecular;382;393
mollabao;615
montaje;512
montreal;609
moreiras;592
motivo;346
mpd;629
msws;421
msws-12;421
mucosas;101
muestra;151;169;172;275
multifactorial;77
multiple;383
municipal;373
name;158;160;218;263
naranja;7;281;308;309;311;313;359;372;495;517;530;531;538;633
nasal;26
nefrectomia;214
nefrostomia;437
nestle;142
neumologia;261
neurofisiologia;332
neurologia;20
neuropatia;144
nidek;218
nimgenetics;272
ninguno;1;1;2;3;4;5;5;6;6;7;8;9;9;10;11;11;12;13;13;14;14;15;15;16;17;17;18;19;19;20;20;22;23;23;24;25;25;26;27;27;28;29;30;31;31;32;34;35;36;37;39;39;40;40;41;42;43;44;45;46;46;47;48;49;49;51;52;52;53;54;54;55;55;56;58;58;59;59;60;60;61;61;62;62;63;63;64;64;65;66;66;67;68;69;69;71;71;72;73;73;74;74;75;75;76;77;77;79;79;80;80;81;81;82;83;83;84;85;85;87;87;88;89;90;90;91;91;92;92;93;93;95;96;96;97;97;98;99;100;100;101;102;103;103;104;105;107;108;109;110;111;112;113;114;115;116;117;118;119;120;121;121;122;122;123;123;124;125;126;127;128;129;130;131;132;133;134;135;137;138;138;139;139;140;141;141;142;142;143;144;144;145;145;146;147;147;148;148;149;149;150;151;151;152;152;153;153;154;155;155;157;159;161;161;162;163;163;164;165;166;166;167;168;168;169;170;170;171;172;172;173;174;174;175;176;176;177;177;178;179;180;180;181;181;182;183;184;184;185;185;186;187;189;189;190;190;191;191;192;192;193;193;194;194;195;196;197;198;199;199;200;201;201;202;202;203;203;205;205;206;207;207;208;208;209;210;210;211;211;212;212;213;214;214;215;215;216;217;217;218;218;219;220;221;221;222;222;223;223;224;224;225;225;226;227;227;228;228;230;230;231;231;232;233;233;234;234;235;235;236;236;238;238;239;239;240;241;241;242;243;243;244;245;245;246;247;247;248;248;249;249;250;250;251;251;252;253;254;254;255;256;256;257;257;259;259;260;261;262;262;263;263;264;265;265;266;266;267;267;268;268;269;269;270;270;271;271;272;272;273;273;274;274;275;275;276;276;277;278;278;279;279;280;280;281;282;283;283;284;285;285;286;286;287;289;289;290;290;291;291;292;292;293;293;294;294;295;295;296;297;297;298;298;299;299;300;300;301;301;302;302;303;303;304;304;305;305;306;306;307;307;308;312;312;313;314;314;315;316;316;317;317;318;318;319;319;320;320;321;322;322;323;323;324;324;325;326;326;327;327;328;328;331;331;332;332;333;333;334;335;335;336;336;337;337;338;338;339;340;340;342;343;344;344;345;345;346;347;347;348;348;349;350;350;351;352;352;353;353;354;354;355;355;356;357;357;358;358;359;360;360;361;362;362;363;363;364;364;365;366;367;368;369;369;370;370;371;371;372;373;373;374;374;375;375;376;377;377;378;379;380;380;381;381;382;382;383;383;384;384;385;385;386;386;387;387;388;388;389;389;390;390;391;391;392;392;393;393;394;394;395;395;396;396;397;397;398;398;399;400;400;401;401;402;403;403;404;405;406;406;407;407;408;408;409;409;410;411;411;412;413;413;414;414;415;415;416;416;417;418;418;419;419;420;420;421;422;422;423;423;424;424;425;425;426;426;427;427;428;428;429;429;430;430;431;431;432;432;433;433;434;434;435;435;436;437;437;438;438;439;439;440;440;441;441;442;442;443;443;444;445;446;446;447;448;448;449;449;450;450;451;451;452;452;453;454;455;455;456;457;459;459;460;460;461;461;462;463;463;464;465;465;466;466;467;467;468;468;469;469;470;470;471;471;472;472;473;473;474;474;475;475;476;476;477;478;478;479;480;480;481;482;482;483;483;484;484;485;485;486;486;487;487;488;488;489;489;490;490;491;491;492;493;493;494;494;495;496;496;497;498;498;499;499;500;500;501;501;502;502;503;503;504;505;505;506;506;507;507;508;508;509;509;510;510;511;511;512;513;513;514;515;515;516;516;517;518;520;522;522;524;524;525;525;526;527;529;532;532;534;534;535;535;536;536;538;539;539;540;541;541;542;542;543;543;544;544;545;545;546;546;547;547;548;548;549;549;550;550;551;551;552;553;553;554;555;556;556;557;557;558;558;559;560;560;561;561;562;562;563;563;564;564;565;565;566;566;567;568;568;569;569;570;570;571;572;572;573;573;574;574;575;575;576;576;577;577;578;578;579;579;580;580;581;581;582;582;583;583;584;584;585;586;586;587;587;588;588;589;589;590;591;592;592;593;593;594;595;595;596;597;597;598;598;599;599;600;601;601;602;602;603;604;604;605;605;606;606;607;607;608;608;609;610;610;611;611;612;612;613;613;614;614;615;615;616;616;617;618;618;619;619;620;620;621;621;622;622;623;624;624;625;626;626;627;627;628;629;631;631;632;632;633;634;634;635;635;636;636;637;637;638;638
niño;83;151
nocturna;375
nocturno;420
noige;137
nombre;25;464
nota;360;595
nota ingreso;206;380;381;580
novasource;31
nsg;475;605
num ropa;356
numeros;167
nutricion;19;31;475;605;606
nutrición;19;31
objetivo;177
obs;72
obstetrica;297
obstetricia;343;344
oct;521
ocultos;128
oculus;412;523
od;366
oficina;352
oficio;424
oftalmologia;594
oftalmologico;354;592
oftalmoloxia;99;633
oido;216
oidos;416
ojo;32;34;35;36;450;450;454
ojos;591
optica;93;419
optometrista;93
oral;358;621
orden;206
ordenes;211;324
ordes;7;194;229;313;492;497
ordes médicas;185;194;211;229;246;324;409;427;449;492;497;563;572;586;593
ordes médicas (protocolo precirúrxico);170;265;323;438
orientacion;40;92;389;390
orquiectomia;602
os;366
osea;220;601
otologia;323
otorrinolaringologia;446
ouriña;617
ovulacion;3
ovulación;3
oxigeno;322
oximetria;201
oximetría;201
paciente;149;156;228;259;261;281;292;365;634
pacientes;2;85;141;145;155;340;566
panaderia;131
paneles;169
parada;387;388
paramagneticos;353
parameter;65
parametros;429
parcial;214
parkinson;250
parte;73;498;585
parte de defunción;585
parto;342;508
pataletas;71
patient;65;243;368;511;603
patologia;269
patologica;298;396;423;426
pauta;19;31;183;184;246;334;561;604;606
pauta semanal;16
paz;370
pca;432
pediatria;341
pediatrica;109;113;119;125;126;128;129;133;136;284;349;540
pediatricos;155
penal;598
penitenciario;205;607
pentacam;412;523
perfil;82;84;146
periferica;144
peritoneal;100
persona;410
personal;240
pescados;107;136
peso;518;634
pesticidas;127
pet;102
peticion;452;501
ph;551
phmetria;444
phmetría;444
phone;368
physiological;527
pico flujo;171
pierna;198
piernas;198
pillcam;555
pinar;398
planificacion;317
planta;208
plantilla;110
plasticos;482
platino;485
poag;166
point;165
polen;119
policlinico;46
polisomnografia;355;374;375
polisomnografico;420
pontevedra;491;594
posologia;24
post;296
post-cpre;296
postanestesica;194
potenciais evocados;405
potential;405
povisa;332;336;394;397;506
ppg;560
ppl;126
pr;310;537
preanestesica;153
precisa;605
prenatal;152;272;299
preoperatorios;190
preparacion;207;265
prequirurgico;170;323;438
prescricion;351
prescripcion;25
prescripciones;572
prescriptor;30
presion;410
pressure;623
prevencion;317;457
previas;425
prick;37;108;109;113;119;120;124;125;128;129;131;132;133;136;483
prick test;37;107;108;109;110;111;112;113;115;116;117;118;119;120;121;122;124;126;127;128;129;130;131;132;133;134;136;283;353;482;483;485;486;540;573;600
primario;350
primera;53
principales;81
proba diagnóstica;611;637
proba diagnóstica centro externo;471
probas;121;122;139;232;252;283;440;444;448;558
probas epicutáneas;481;484;487;488;489;490;550
probas provocación;101;135;137;138;139;140;329;558
probas urticaria;8;114;125
proceda;320;463
procedencia;410
procedimiento;228;598
proceso;424
process;519
programa;49
prolec;45
proposta;245
prostatectomia;433
prostaticos;95
prot;361
proteccion;456
protocolo;114;115;150;170;197;208;244;323;383;432;437;443;447;547;624
protocolo  ;437;443;547;624
protocolo pca;432
provincial;372
provocacion;115;135;137;138
prueba;115;261;279;281;301;308;454
pruebas;101;108;111;112;117;118;120;124;126;130;131;132;280;353;481;483;600
psg;263
psicodedagogico;239
psicologico;52;388
psicomotor;53;76
psicomotricidad;81
psicopedagoxico;235;635
psiquiatria;377;379
publica;315
pulsos;612
pump;571
puntuacion;51
puntuaciones;45
puntue;441
pupilares;418
puva;629
qrsd;310;537
qt;392
quantel;368
quirofano;193;326
quirurxica;192;245
radical;433
radiodiagnostico;254
radiologico;394;397
radioloxica;253;255
rapid;172
rapidpoint;172
raster;288
rasurar;265
rating;439
ratio;365
reaccion;21
realizacion;207;404
recall;534
recepcion;193
recomendaciones;358
reconto endotelial;458
rectal;442
recuper;300
recuperacion;194
redibuja;638
reference;176;271;507
reflejos;418
reflex;213;339
refracción-gradación;218;257
refracción-gradación centro externo;93
refractarios;430;431
refractivas;523
registro;178;226;321;325;551
rehabilitacion;15;188;514
reia;106
reloj;167
report;243;263;405;511;587
representaciones;523
residencia;10;398;401
residencial;491
resonancia;406
responsables;230
respuesta;441
respuestas;182
resscan;203
resultados;282;309;477
resumen;45;429;632
retencion;608
retinal;521
retinografía;158;160;594
reumatologia;162;163
revascul;159
rexime;360
rexistro;234;551;614
rexistro anestesia;197;227;244;342
rexistro enfermaría;1;6;7;26;123;178;179;190;209;219;223;226;262;280;296;312;313;321;325;326;341;372;376;379;410;451;467;473;480;496;554;559;590;596;634
rhapsody;545
riesgos;556
rinne;216
rinologia;438
rm;290;291;416
rm centro externo;290;291;416;505
rnfl;33
robleda;23
rojo;156;186;216;529
rompecabezas;68
roncopatia;547;624
ronquido;515
rosa;361
rosaleda;403
ruo;169
rx convencional centro externo;397
sabre;516
sajosa;491
salas;219
salinas;156
salnes;552
salud;189
sample;243
sanatorio;23;331
sangre;611
sanguinea;199;542
sanitaria;1
sanitarias;315
santa;331
saos;547;624
saraiva;402
sas;145
satisfaccion;459
saude;234
scale;439
scans;519
scoring;631
screening;168
seccion;446
seccion b;60
secos;129
secretaria;424
seg;5;304
seguimento;191
seguimento post-alta;191
seguimiento;1;290;402
semejanzas;90
septoplastia;438
servicio;344;377;554
servizo;254;266
sfs;146
sim;533
sim-k;533
simbolos;73
sindrome;392;520
sintoma;144
sintomas;515
sintomatoloxia;242
siquiatria;377
smartview;408
snap;88
social;9
software;203
soip;360
sokolow;311
solicitado;531
solicitante;554
solicitud;14;17;27;380;381
solicitude;234;252;548;584;584
soltrim;573
soltrin;208
solumoderin;612
somatometría;173
somnolencia;515
sonda;475;604;605;606
soremay;10
sorin;408
sospecha;145
spiritll;203
ss int;204
standard;109;489
state;59
stratus;521
subjetiva;149
sublingual;135
subtest;67
sudor;637
synapsys;330
system;165
t.c.;207
ta;638
tabla;559
table;526
tac centro externo;268
tale;241
talla;518
tamai;77
tc;207
tdah;85;155
telefonico;191
terminacion;51;68;79
test;49;55;61;67;77;87;98;100;103;174;241;363;494;573;608;626;631
test ;91
test alento centro externo;106
test breve;42
test de ureasa;363;636
test deterioro cognitivo;39;49;60;67;91;103;167;168;378;439;591;608;609;631
test marcha 6 min;98;434
test mini-mental;54;55;56;57;58;59;61;62;63;64;474;544
test permeabilidade peritoneal;102
test psicolóxico;38;41;42;43;44;45;47;48;50;51;53;68;69;70;71;72;73;76;77;78;79;80;81;82;84;86;87;89;90;182;237
test rgo;156
test trastornos movemento;104;105
thickness;33;258
tiempo;282;477
tilt;546
tilt-test;546
timpanometría;339;469;571;597
tipaxe hla;382
titora;236
tolerancia;101;121;122;139;140;283;329;558
tomas 1 a 3;356
tomografia;419
tomografía coherencia óptica;33;258;288;293;419;519;521;587;599
topcan;630
topcon;257;587
topografía corneal;412;523;533;630
topometricas;412
traducida;164
transcanalicular;460
transf;5;304
transfusion;199;382;542
transfusión;5;199;304;529;542
trasfundir;529
traslado;230;462;510;553
traslados;548
tratamento;3;9;11;12;13;14;16;17;18;19;21;22;24;27;29;30;31;194;475;524;604;605;606;612
tratamento (citostáticos);28;328
tratamento (cuestionario);459
tratamento centro externo;10;20;23;25;249;356;401;614
tratamiento;9;10;14;18;27;246;249;319;334;409;457;459;524;612
tratamiento endovesical;11
tratamientos;24
tratamientos utilizados;17
trazabilidad;247;480
trazabilidade materiais;228;247;305;348;499
tres en uno;32;36
triaje;362
triangulo;237
triangulos;48
trimestre;297
trimetropin;573
trisonim;272
trolab;482;486
trvb;608
tsnu;351
tumoracion;248
tumores;500
tymp;213;339;469
tympanometry;571
u.s.m.a.;615
uci;4;453
ulceras;410;484
ulmer;330
umbilical;611
unico;187
unidad;19;180;224;340;349;409;561
unidad de sueño;355
unidade;191;194;209;440;444;448
unidades;553
universitario;370;391
urea;102
ureasa;363
urgencias;493;535;569;6;7;24;313;359;362;372;493;495;510;582;588;595;613;614
urgente;576
urologia;265
urticaria;8;114;125
urxencias;7;313;314;315;359;372;495;581
urxente;287
usma;615
uso;524
ustekinumab;319
uv;21
uv-doses;21
vaginal;423
valenzuela;222
validez;72
valle;389;401
valoracion;149;262
vancomicina;358
varios;33;70;78;86;94;106;136;158;160;204;220;237;258;288;310;329;330;349;399;412;421;458;519;520;521;523;526;527;528;533;537;630
varones;457;518
vazquez;249
vehiculos;486
venenos;111
venofer;208
verbal;69
verde;200;342;447;457;514;552;567
verificación;513
version;88;164;459
versionado;582
vertical;1;2;4;5;6;7;8;9;10;11;12;13;14;16;17;18;19;20;22;23;24;25;27;28;29;31;32;33;34;35;36;37;39;40;41;42;43;44;45;46;47;48;49;50;51;52;53;54;55;56;57;58;59;60;61;62;63;64;65;66;67;68;69;71;72;73;74;75;76;77;78;79;80;81;83;84;87;88;89;90;91;92;93;94;95;96;97;98;99;100;101;102;103;104;106;107;108;109;110;111;112;113;114;115;116;117;118;119;120;121;122;123;124;125;126;127;128;129;130;131;132;133;134;135;136;137;138;139;140;141;142;143;144;145;146;147;148;149;150;151;152;153;154;156;157;158;160;162;163;164;165;166;167;168;169;170;171;172;173;174;175;176;177;178;179;180;181;182;183;184;185;186;187;188;189;190;191;192;193;194;195;196;197;198;199;200;201;202;203;204;205;207;208;209;210;211;212;213;214;215;216;217;218;219;220;221;222;223;224;225;226;227;228;229;230;231;232;233;234;235;236;237;238;239;240;241;242;243;244;245;246;247;248;249;250;251;252;253;254;256;257;258;259;260;261;262;263;264;265;266;267;268;269;270;271;272;273;274;275;276;277;278;279;280;281;282;283;284;285;286;287;288;289;290;291;292;293;294;296;297;298;299;301;303;304;305;306;307;308;309;313;314;315;316;317;318;319;320;321;322;323;324;325;326;327;328;329;331;332;333;334;335;336;337;338;339;340;343;344;345;346;347;348;349;350;351;352;353;354;355;356;357;358;359;360;361;362;363;364;365;366;367;368;369;370;371;372;373;374;375;376;377;378;379;380;381;382;383;384;385;386;387;388;389;390;391;392;393;394;395;396;397;398;399;400;401;402;403;404;405;406;408;410;411;412;413;414;415;416;417;418;419;420;421;422;423;424;425;426;427;428;429;430;431;432;433;434;435;436;437;438;439;440;441;442;443;444;447;448;449;450;451;452;453;454;455;456;457;460;461;462;463;464;465;466;467;468;469;470;471;472;473;474;475;476;477;478;479;480;481;482;483;484;485;486;487;488;489;490;491;492;494;495;496;497;498;499;500;501;502;503;505;506;507;508;509;510;511;513;514;515;516;517;518;520;521;522;524;525;526;527;528;529;532;533;540;541;542;544;545;546;547;548;549;550;551;552;553;554;555;556;557;558;559;561;562;563;564;565;566;568;569;571;572;573;574;575;576;577;578;579;580;581;582;583;584;585;586;588;589;590;591;592;593;594;595;596;597;598;599;600;601;602;603;604;605;606;607;608;609;610;611;612;613;614;615;616;617;618;619;620;621;622;623;624;625;627;628;629;630;631;632;633;634;635;636;637
vertigo;150;627
vhb;503
vhc;503
vhi;148;180
vhi-10;180
videonistagmografia;330;461;565
vidrio;94
vigo;541
villoria;354
violeta;255
viscosidad;178
visita;588
vismodegib;513
visual;47;161;256;608
vitatron;504
vithas;15;189
viñas;317
voice;148
volumen;284
voluntaria;452;501
voluntario;380
voz;180;340
waiss;43
weber;414
wechsler;89
window;165;166
wisc;89
xenomica;522
xunta;92;233;234;356;382;385;386;390;393;614
xuntos;520
zeiss;35;366;628
